1     1
2     3
3     4
4     5
5     6
6     7
7     8
8     9
9     10
10    11
11    15
12    28
13    12
14    16
15    37
16    38
17    36
18    2
19    13
20    17
21    18
22    14
23    25
24    29
25    30
26    32
27    33
28    23
29    20
30    21
31    31
32    19
33    22
34    24
35    27
36    26
37    34
38    35
39    39
40    40
41    58
42    52
43    66
44    54
45    46
46    44
47    45
48    41
49    47
50    49
51    50
52    42
53    43
54    55
55    59
56    57
57    51
58    53
59    48
60    56
61    60
62    61
63    62
64    63
65    64
66    65